x,y,class
-0.2587665450938703,0.8740736597719617,0
2.3504122957608895,-0.5808084345515863,0
0.46165109580612135,-0.17068125783983001,0
1.5532821315698688,-1.426102032548254,0
-3.086674425114547,-1.4823839306646585,0
-0.07420913913702268,1.0015615440399148,0
1.2753694926193961,-0.5686786732179917,0
0.2380094938852206,0.9163917111596686,0
-0.11116988202221555,-1.0902430836523644,0
0.7002717638335981,0.5544699633647404,0
1.179636687675852,-1.8983602215904083,0
1.3268106055648663,1.0538799939786643,0
-0.5845676997607991,0.17758453662408633,0
-0.3297221313031746,-0.011856822686554053,0
0.537230544976383,-0.3118998513549816,0
1.5552157976508592,0.8908453897563028,0
1.2156296218560079,1.9303440829521925,0
-0.41027804916171196,-1.7781673143357217,0
0.3216289198721306,-1.9683177960369935,0
-0.9098499366775132,-1.4756248894024568,0
0.2437265504196348,-0.6531825656045959,0
-0.9139787252406679,-1.5489861523544217,0
0.5182431356445559,-1.4935515494399976,0
-1.2903156347047156,0.6260847971160282,0
-0.949222945293941,0.026282614809058084,0
-0.045337404390277405,0.1718306971809291,0
-0.5282473719888136,-0.07088656918096607,0
0.46777734718534886,-1.0423939100579043,0
1.41969905491647,0.07951913163159434,0
-0.8874352075208359,-1.171267204938254,0
-0.4907383674087314,1.1297458998468497,0
-0.4527959963803704,-1.6937428181935887,0
0.42949504143643824,-1.0105315770800973,0
-2.01288232192186,0.3520872325866511,0
0.11132979299149676,0.25951750543111546,0
0.3992595527076334,-0.6272946136923685,0
0.7727528949406068,-0.6854025769660292,0
-2.060031147929769,-0.9382756720790296,0
-2.1323943995763845,0.3979297089825949,0
-0.1941834982415806,-0.7032564956751869,0
1.1432750095919644,-0.6804814232489752,0
-0.49079444978237535,0.279687145605917,0
-0.45572838500939267,0.5893832639746786,0
-0.10762941107065621,1.6519118792351062,0
-0.22959718179716654,-0.09305846371171327,0
-0.09230663618677397,0.5161762923818739,0
-0.4362997134724512,-0.058149117371689596,0
1.0720682648067732,-2.200143995231602,0
-0.6294965308260734,-0.6867503147962486,0
0.06626495729333283,-1.050148342604991,0
-1.2089472938846668,0.8707964217548018,0
-0.393759417396137,1.377109584089646,0
0.3938647595574781,-0.5481245751750118,0
-0.06779178971451606,-0.9857882500745629,0
0.7346234345566133,-0.704664364644442,0
0.2566683417860648,-0.11611732198190744,0
2.7344832364616214,1.5419737352325265,0
-1.322414681347896,-0.8260898966076524,0
0.2310987695433044,-2.295301296733467,0
-0.6448962810592237,0.425765463870867,0
-0.5727458878996127,0.5536648631311193,0
-0.8696362194859811,1.2804911260774743,0
-1.8923543690111053,0.9038939604145829,0
0.7295013002060365,-0.09310311095287477,0
2.197543906052229,0.2547198386073472,0
0.38289639976372253,-0.3287020362935197,0
0.8757780001648856,-0.6823150715701026,0
-0.18139045612226634,0.0024781338808389807,0
0.584484161645712,0.46000150894854036,0
-0.2788247455981347,0.9741323696547052,0
-0.06648071956160836,0.8065811251953404,0
0.2119334452743538,0.5510412627257736,0
-0.4860551945119115,1.945927757975407,0
-0.4085613149134667,-0.1853419108628611,0
0.008334555407928905,-0.37407690887472433,0
-0.8181699930174605,-1.4609979615144444,0
1.6545891867838118,0.2976646453462657,0
1.2692261056951886,-0.47391908850578884,0
-0.33912770036968676,0.1606063044077874,0
-0.9408962057173793,0.23132098606622475,0
0.20006380036872465,-1.3787224202889556,0
0.10338540400519852,1.442582908258389,0
0.06831803010050914,0.4625160420702698,0
1.2206993025948307,-1.3949621990867025,0
-1.5760059691754436,0.4975217065312838,0
-1.4302348420518913,1.5799102299911163,0
-0.26238313734004687,0.7289880868992238,0
-1.459987300167679,0.1427137412944778,0
-0.15792536254470435,1.0668541447127908,0
0.6391566229009038,-0.5871903573326805,0
-0.45220050742036444,1.6213188525414743,0
0.17782998213056558,0.8994655048920535,0
-2.057359151622882,0.39104740823875117,0
1.6021503521007006,1.245429378169435,0
-0.6507993898785123,-0.4249551959081786,0
2.3036050294845145,-0.9499995264656553,0
0.41930496255438704,-0.2642975886039939,0
-0.40638662716767177,-0.3965280821104496,0
0.028291564327252754,1.2429549518937015,0
0.11109848567710187,-0.7627912335289845,0
-2.5352555590424517,-1.7388664293327758,0
-0.5190501851507371,-0.6261237794053669,0
-1.9435289174048633,-2.4744828585299894,0
-0.9805351223496444,-1.2068513528049587,0
1.946886226259892,-0.26386681316129934,0
0.45069817975728527,-0.2761674995023804,0
-0.20908894636463915,-0.05964810175773376,0
0.2684001408795112,0.4520357360845884,0
-1.9718468565607947,0.36128549805632115,0
-1.1499479125976466,0.14256247337542138,0
-0.26400153568410056,-0.8205271315913194,0
-1.6637608525066854,1.0203673798982893,0
-0.00043296003754985887,0.6646633179563866,0
0.7323356039633826,-0.31610269100479255,0
-0.46024026018411374,1.1520240245667763,0
0.38133160145556233,0.044223131695376,0
1.3081602229058344,0.8670120539522115,0
-0.3639043804560965,-1.021234694215316,0
-0.7851672256440071,-0.011759979867716173,0
1.5370919071740416,-1.4244008710171294,0
-0.7068693223953978,1.8204632389094535,0
-0.7298197446614219,0.8967894124370842,0
0.7191001039233753,-1.0284498249301044,0
0.45201229189551384,-0.4142399936332254,0
-0.6234984867738264,0.6290602222898611,0
-0.6231394588909649,-0.9113956786690054,0
-1.4579098326354034,-0.042383043610234476,0
-0.5873291690643289,-1.7377795309867519,0
0.8787613994105846,-0.39404674695064107,0
0.9584576917705163,0.6896712551619084,0
1.5392393245014755,-0.644202000597449,0
-2.711338731185225,0.7461133691519237,0
-1.503157421634145,-0.9463183980013151,0
-0.6646944671603044,0.06662622819713913,0
-0.18538100362370724,0.17475156740716788,0
0.913969666915257,-0.9471566243355759,0
-0.3841852151170371,-0.779298204221962,0
-0.833018042367962,-0.6424610451901227,0
-1.0108521523133867,-0.200087892797337,0
-0.783306759988396,-0.3919990633652073,0
-0.6066241917239109,0.3069683398179538,0
0.2714767563389566,-0.374948470438976,0
0.14904638685828167,0.3768047121300865,0
1.5747803186274418,0.455951626530028,0
-1.1311753216479505,0.6234322548593181,0
-0.9832493539217034,0.7497551894971344,0
0.9322234879336524,-0.6374547429595129,0
-0.24186723777209865,0.6646317249698265,0
-1.7791465845857606,0.8848373257858358,0
-0.17525269114750539,1.8115332686354515,0
1.3694494100682635,1.4547872563769462,0
0.5581739481356609,0.820643675434368,0
0.32625831079232015,-0.7386468575062718,0
-0.3802837211453146,-0.9620743693138877,0
0.024835888225912827,0.3887477136961962,0
0.8497417458872631,0.3731871235431924,0
0.7344896118763115,-0.20359905509826798,0
-0.6847865075095358,-0.4360069478099933,0
0.8549308009732156,-0.7235238870634999,0
-1.4692389574464835,0.41669354850868184,0
-0.4603169706239101,0.1727182077103227,0
-0.021887294201651707,-1.260076804719562,0
-0.9892931029978623,0.6402115336113163,0
-0.6833669800942032,0.2290491755312695,0
0.2742727017782064,-0.5568948570992885,0
1.0701410443616732,-1.4222013306927908,0
0.3304601431158221,0.2995419902496104,0
-0.7130718643241191,0.6114478997937159,0
-0.3825535434648237,0.7565786681370054,0
-0.22662729419876737,-0.10050701379035945,0
-2.02087280120946,-0.29494639025743363,0
1.436158187811506,-0.8143280062811047,0
-0.5238677534606997,-0.14047048412370636,0
-0.7560204856660684,-0.38096515034507095,0
-1.3246813519986285,-1.3759832276189778,0
-0.9046794798042054,1.2034138370824383,0
-1.3284335857979095,0.5222903515899097,0
-1.9690003978508184,0.42786737258285107,0
-0.8029871418375563,-0.4645265637173338,0
-0.6081657405321823,0.011532562054082601,0
0.6312267252773694,0.7698805065884484,0
0.5210204837589185,0.9971720611090302,0
-0.2191467767109461,-1.5030597198656694,0
-2.510382194262339,-1.2813754156838117,0
0.07409124235284151,-1.217988086309544,0
-0.6693076551281877,0.06445119182736585,0
-1.1518934932560276,1.563436832801366,0
1.403161041061487,-0.777564625512194,0
-0.7082538234395962,-1.2973848386396771,0
0.12573120145317868,1.0474094892888282,0
0.9809716609942724,0.34700038046188586,0
0.35372162593236117,-0.23262317764290774,0
-2.5351930895788195,0.3867843257288216,0
-2.043736221854353,0.8389652635804397,0
-0.30357954575395035,-2.0723845255196505,0
0.46414583015438793,0.007664816303551511,0
-1.6405260104806179,0.7054569497210128,0
-0.13168410290848212,0.2539546857498145,0
-0.2680221544953759,1.8328028775334944,0
-1.7407479652299274,-1.327393799696538,0
-0.3790667038989346,0.43671131953561515,0
1.0470080901288257,-1.9944489343917529,0
-0.24294345835699846,-0.30845521152239946,0
-0.6068241912990152,-1.1021760134315866,0
-0.23654237965957026,-0.49128423101037716,0
-0.18282056358468327,-1.0490393205151403,0
-1.5670105259062739,-0.8292301240962816,0
0.38409695699674795,0.15213500430275,0
-0.6781279255950742,-0.4291323688523799,0
-0.45425365510143745,-0.7622725148216983,0
-1.5153455953185788,0.08189306644761729,0
0.14544995139945824,0.12410755759260463,0
1.438385406746497,1.2071412988442631,0
-1.19285907263269,0.6417440764651621,0
-0.4101970819093282,-0.28247689796609626,0
-0.6463266940955288,-0.808206845994284,0
-0.08804337507735545,-1.7233463806808533,0
0.6907532675709337,-0.04395820871145603,0
0.9647060165355421,-1.1400546519472208,0
1.2497446136072174,-0.7213201228916707,0
1.4175110484525675,1.4303953630563664,0
-0.8321972974818413,-1.2485216921192528,0
-0.8750492925009618,0.9116944887303035,0
1.7669166034876709,-0.24566313918956523,0
-0.19634203701404102,0.6721997545090174,0
-0.4321738308134872,0.7359383119887516,0
2.413190827779296,-0.7000933426000608,0
-1.0556659771846455,1.6002856249156039,0
-0.5859525298409018,-1.6170897284112447,0
-0.9244687666345692,-0.22423386872391354,0
0.6236734001852402,0.06053908440665868,0
1.2797042600418358,-0.07702070549539741,0
-0.1039086430981065,0.6008147191788685,0
-0.19299596394799648,0.8299552703520269,0
-1.975544465763287,-0.7429370240881544,0
0.0949113150166844,-1.1035244052339384,0
1.5155242240938858,-0.3521665585329463,0
0.49485265793986694,-0.9215429259593199,0
1.3363861087202276,-0.15975525565102977,0
-0.5254439100929295,0.2494287813653525,0
0.5662363048556264,0.6244977989708673,0
-0.4316578723109944,0.9891221492445559,0
-0.025878939525272256,0.22680798544383865,0
-1.1841192882899456,0.29962607270854924,0
-1.9088900555999864,1.8356417937122091,0
-0.18590243246534593,1.2320933190425591,0
1.2561350756709715,-0.7471108958317435,0
-1.1334709050481437,0.8584976668395035,0
0.3151455598210863,-0.19341499604139967,0
-0.917150949706941,-0.7397242632678837,0
1.7899138908374936,-2.2281589510448976,0
0.4121260907498763,1.1863416532269966,0
1.5075237394440932,0.9487527097825528,0
1.4456383222239093,0.3342644270951729,0
1.437017626550373,-0.4634152592620232,0
-0.12082633555076305,-0.6802552989989369,0
0.055818928120612926,0.5952374150570393,0
-0.5009131194920418,-0.11635039088228165,0
-1.3696890329128457,1.593061891943235,0
-1.5464043588799918,0.19482290547824085,0
1.8745756693371525,-0.5553060511545961,0
-0.37364083688470057,1.9255252728649839,0
0.03676392768922876,-0.23014193182244685,0
1.1197289087445772,1.4359055668716552,0
-0.306529113711981,1.1752309240989183,0
-0.545793756879666,1.3603463897180708,0
-0.15824369500154895,-0.362566441663047,0
-0.7691206925336063,-0.07370007694614418,0
0.5611667960680345,-1.473559412757262,0
-1.4912442403547332,-1.1148286196325092,0
-0.6671501454761943,-0.9793205938049182,0
0.9427909226642981,-0.7993080577840544,0
-0.7128793486651315,0.4738119741942426,0
0.067285955095709,-0.2731635299326224,0
0.0025963421629014985,0.39056073689109705,0
-1.7540635195463414,0.5637633130067491,0
-0.043984740424493386,-2.0347682409104966,0
0.36264672736615294,-1.4967967399520523,0
0.5412824849381837,0.8024480477497412,0
1.4446626859975649,-0.8330138990670278,0
-0.7057199081612585,0.26943518450324894,0
0.5860673548706283,-0.20757376442436828,0
-0.9656045012058656,-2.0605566033773615,0
0.5188859140750198,1.0255398099033841,0
0.25633754939867065,0.7793291195261434,0
-2.6109203923900663,0.18077434445266774,0
0.6245831889352559,-1.704737845254333,0
0.9412462365887676,-1.3763291749950168,0
0.7034072136992221,-0.14321493478560032,0
-1.4531751764517657,-0.5667952228917837,0
2.231144694539048,-1.6763856228460903,0
0.4738060517093134,0.06814568889568196,0
1.0135968029162645,0.6473453058805573,0
0.6627065101673498,-0.1785872764451935,0
0.709302864109987,0.06959229220181216,0
-1.233546628617381,-0.35646420353178365,0
-0.48151378175168424,0.34731327794376365,0
-1.0967981715905522,-1.3060483922556465,0
0.599429442827176,0.3714960262482252,0
-1.5749842739571758,0.11336759602282365,0
0.216113110159493,-1.6640287071565574,0
-0.01689605477043344,1.3409953798668848,0
-1.720955349737572,-0.10072866764284669,0
1.1438323046559487,-0.8471691110774683,0
-0.8712911041433048,0.43731453575534446,0
0.20026075647211167,0.25001003767188584,0
1.9315601980280912,-0.706214823372947,0
-2.076839717151468,-0.6966836267492027,0
0.14317025971271213,0.5635574663177373,0
-0.580562886780542,-0.005752343246690947,0
-0.9111313423258365,-0.6503228679981976,0
-1.4975703984851256,1.5278958972968395,0
-0.8604909371637214,-0.8087341394851592,0
1.3605542336381145,0.10157629290740233,0
1.3250496115750083,1.9760235226721907,0
0.4471008792395753,0.6044864367201881,0
1.5294240854878955,0.16247686577744958,0
1.383069694807225,-1.0445763340014205,0
-0.27268684571935714,0.35909550580764793,0
1.0879418328104145,-0.763462014943826,0
0.6522707515766969,0.024001102511084206,0
-2.705902702865442,0.9132405999626705,0
-0.9031052139748283,-0.66677804879861,0
1.6689398383529512,0.008178917068266681,0
-0.5199419144281765,-0.9967817012783419,0
-1.7217017542397521,-0.9337684470088976,0
2.1160149789061804,0.705073910493221,0
-0.5062365362685973,0.6861260446059753,0
-1.0144208034037911,-0.5080722586483226,0
0.6304839131008402,0.7772754448131447,0
-0.12715707453878036,-2.272084312486051,0
2.081901676343418,-1.2418982497948934,0
0.9601226609169639,-0.6507763845685776,0
-0.8873688753121567,-1.2558488357652677,0
-0.7989011406798946,0.2342551012304998,0
-1.1967429577693927,0.6236187096019458,0
1.516444448948403,-0.706658928682414,0
-1.0150004150359608,0.2851073874411347,0
-1.5620814239369432,-0.08998417708420649,0
1.3068743093986737,-1.1887097448145423,0
-0.5648153059396125,-0.7998651577865511,0
0.9484864595831356,-1.3224454775405003,0
0.9035062688330487,1.598962371363569,0
-1.193890834967627,-0.38941524455481974,0
-0.2325414665032815,-0.9212087806139886,0
-0.13966499522074613,1.233201386374456,0
-1.2173845961268601,-1.5553165259267392,0
1.3778739920174328,0.5238203105407901,0
-0.8012110302333735,-1.8380173128477773,0
-0.9161381266933193,1.8845263251754631,0
1.1137953446293145,-0.9141594392980239,0
-1.4561524452822936,-1.1271077614875191,0
1.0754125041831302,1.0538385829661523,0
-1.492925878112694,-1.449556888038654,0
0.7200754136529499,-0.9145537043162714,0
0.5315450086501835,0.8620632153762423,0
-0.9424906060767335,-0.6128983078395052,0
-0.22571069932277413,-2.4934814852476874,0
-0.6958942192955202,0.10456842578206514,0
1.0148059557092715,-1.5339250309761494,0
0.20604035822142414,-0.4808035165406785,0
1.523206968056841,-0.9700703610028697,0
-0.42144558815075156,-0.491606106945217,0
0.17563838242434837,0.8022341505008185,0
0.24638807910682398,1.2514577637324944,0
-1.1720359595722978,1.0547619531746537,0
-0.30029068654685703,-0.5641685539297357,0
-1.0548921091708192,0.6771189576434297,0
-0.8719021065068616,-1.4791362388748055,0
-0.9027282828144784,-0.3385481798250848,0
-1.5002708265211344,0.5343043086426758,0
-0.09952383646570118,-0.21664731314444882,0
0.7793357598759282,1.5268039746351736,0
0.06270218588101345,1.4446804578052779,0
-0.031147496419613264,1.0278964135170197,0
-2.6481716731146374,-0.06056260498827745,0
-0.18278156414410732,-1.3573231892530049,0
-0.995161711833423,-1.5362648395309433,0
0.5162507547704966,-0.44826232157673906,0
-0.8018841046035657,0.7573372028169245,0
0.004178057239336413,-0.826934718297591,0
-0.4871326666908825,-0.17955501065527185,0
0.38919601259159897,0.692591609792039,0
-0.010040627511807083,0.09274119875877312,0
-0.8256698836186575,1.3886037924497134,0
0.8596066816239685,0.8951823456410773,0
3.3109999316291177,-1.6793534526274287,0
-0.12122363475710504,-0.5663390996349538,0
-1.646215943564797,1.8132566030841688,0
0.3757908044261665,0.2779974952706292,0
0.5747567370898337,-0.28548473274264613,0
1.1355887474949202,1.1114572848849784,0
-0.30273575766336014,-0.3362042908371164,0
1.2581133126754334,0.2928284747041446,0
1.9087743284520704,-0.7899754037633948,0
0.6193308656670069,0.8707693452655415,0
-0.0036875430299364346,2.0815023232802394,0
-0.16724497895720658,-0.2763463508378515,0
1.0556609620906998,-1.3947606872365446,0
1.467905287432635,0.4031057517918443,0
-0.677615643150106,-0.6012050451775439,0
0.8871910079186054,-1.4242555619340391,0
-0.359714560314369,1.1756839096169611,0
0.6208387665287459,0.8121395251001642,0
0.6308490691343774,-0.5530650967314882,0
1.0830832181153849,1.7895214721785118,0
0.20030679287319028,-0.7645348210295767,0
0.8854541129971462,-0.4472778659475196,0
0.7862629240830173,0.3879595753951839,0
0.9382201638409736,0.9208190296800962,0
0.6187402791346185,0.34984953969622923,0
0.1796639878519198,-0.4166315932943405,0
0.9561932046082686,-0.010441344259686696,0
0.045317482673349375,-0.40708845977995384,0
-0.38897001533984876,1.115694596751016,0
-0.4015841903057085,-0.38775364367229165,0
-0.24891132141965194,-1.5192769281827943,0
-0.11902829357017208,-0.19783292177325748,0
0.8947691040547354,-0.9999605812134036,0
-1.0245557735751198,1.0167002697614365,0
-0.31253851721964,0.6765478090278293,0
1.0072790786529413,0.6133227623459306,0
0.4977247074590117,0.20096506936368386,0
1.127002901539648,0.4334623542232429,0
1.7479687316368189,-2.352073285469066,0
-0.3991673685946865,-0.0325873839520385,0
-1.2070650209300624,-1.055422838833422,0
-0.5937705885100434,0.3524474907369525,0
1.013942118185578,-0.492989677886439,0
-1.4325435542473368,0.1576798226830821,0
-0.7117465697330528,0.740305035024179,0
0.8312920026688905,-0.0990671716688646,0
0.5889878791955393,-0.7392938301467648,0
-0.9744194601295696,0.1672770878795343,0
-1.261476855566748,0.43830581004395475,0
0.7311478903611985,-0.6453688605461392,0
-0.05202725394413225,2.061700057814502,0
-0.13899859188320346,1.6296122380945672,0
-1.0889302442005357,0.2303732842438403,0
0.692459048872125,1.3120071378182923,0
1.0450942890056065,0.4423290055114392,0
1.244223537946983,0.4341456712043877,0
1.0424350284048376,-0.02191948285249353,0
0.9784624084468132,1.229770873521256,0
1.9366952391056773,0.3654197558288957,0
0.5456652809391029,-0.3544706491289306,0
0.5674474298146243,0.05080342259121614,0
-0.6121098171740568,-1.0954778373991159,0
-1.683138201668873,0.1683131561171356,0
0.7557757506447186,-1.3352850447488733,0
0.6958519226178668,-0.17491049724074823,0
-0.09376603095322472,-0.1847615902169076,0
-0.28565224239920123,1.2608577893160464,0
-1.344560468368568,-1.3245942150053596,0
-0.4420369227192298,1.294406679407197,0
2.0503567537593206,0.06671142395097893,0
0.0669031621498374,-0.20334927030131167,0
1.5190185432413528,-0.6475042581153977,0
-1.7207091526608154,-0.2736304748100238,0
1.0371532087862043,0.15700673651483554,0
1.2834597813879343,0.007556195579835924,0
1.0341111041288147,-1.1588104632839333,0
-0.4090560965371129,0.3515492888334149,0
-0.8278722285704406,0.7618351313391377,0
-0.9276993298043067,-1.0824201347575342,0
0.4180580270421612,-0.0914965408233552,0
-2.3753279517037953,0.6484518230763964,0
1.3872883006453987,-0.1981149424101098,0
0.0967747396839646,-0.6841317084200503,0
-0.7213656681414347,-2.33639805977527,0
0.686762231245509,-1.3556940113815161,0
0.24628729862659576,-0.38352127493893867,0
-1.3195421999566197,-0.27358362591696817,0
0.3519633720624415,-1.8409049821561274,0
0.9906080978292988,-0.05676881150093371,0
-0.19143312442620597,-1.1375847458163533,0
-0.4619854141529381,1.7946203223443364,0
-0.055856030856490414,1.7550509859634211,0
-0.19358964499782252,-0.6167975166471097,0
0.9270537751108614,-0.6460344398577454,0
0.9107873274964333,-1.0910926137408437,0
1.6073814190560374,1.3685804860959592,0
-0.009663081274952127,1.103254097279626,0
0.11898894042518939,-0.29772199114943093,0
0.7076776007922504,-0.6813193997132166,0
2.3034752876995257,-1.4672000042331832,0
0.06655313346682062,0.745351907244869,0
0.1986241748932765,-1.6987107220868793,0
-1.5854082397983726,1.9388947656857898,0
-0.508884748119865,-1.2048859437155892,0
0.3660717903638317,1.4567204221287646,0
0.2604101280156792,-0.11573045998057029,0
0.010079644785126341,0.36067602271373606,0
-1.1271894184426798,-0.04728058499665822,0
-1.3448816979673792,0.48531706813231207,0
-0.8049358790854438,-0.16124600341805795,0
1.0360432922355645,-1.2767176314598243,0
-0.38950800111636735,0.7348294016198388,0
1.1455333499097526,-0.10044716080957772,0
-0.05931337197121721,-0.571476030368971,0
3.572315483881516,2.625991604005676,1
5.2600742721061895,2.6315857290728366,1
3.4149300993545517,3.2312272327527207,1
2.806610589895609,2.5648219462460338,1
3.3657247307184455,0.3464276997433777,1
1.0718005583817534,2.546403757271573,1
3.5889969044290604,3.4619995565470845,1
1.888240418433651,2.1270213397587012,1
4.548389762787929,2.1249330849562167,1
1.9988499543195224,3.5383699674246554,1
4.542089989479668,2.3772685955805564,1
3.119131122574511,3.816204666183514,1
3.959329795108644,4.760784453259271,1
3.0782996672040635,2.851261947129794,1
1.9378406645320143,2.2712098532235263,1
3.7107934560893563,3.147370781067999,1
2.5737483323736914,3.379570705225288,1
2.79411851832373,2.5723929790589084,1
4.435515540168576,3.445286523144676,1
2.3173228319126427,4.158571409290805,1
3.493293482877879,3.672644691556177,1
3.942075203656718,2.978863840052203,1
2.0458599275966005,3.463064577247327,1
3.260954728912394,3.7587075871977484,1
3.7519042450426463,3.5534774819315857,1
2.9388221363062255,2.8924728584391,1
2.708888179758715,2.7566422438584857,1
4.5895505718218015,2.6387874485319287,1
1.7109535967062761,2.91014639088292,1
4.459959869409834,2.3895540902384402,1
3.9012003639919968,2.6936261798950323,1
3.15191517716545,2.8987426328209183,1
2.8640291833776206,3.300949852548737,1
3.37977832809382,3.654497920731715,1
3.890076718056022,3.390689341987369,1
4.9781641297259664,2.732017871887818,1
2.0988088923688517,3.6466893853776785,1
2.81276327520886,2.3273149650226794,1
4.091678568243212,2.124999864942433,1
2.340691896824606,1.7786057190596287,1
3.528399709900752,4.361925974248764,1
3.9291171752787584,3.7459214366989144,1
3.9659874111826703,3.2561059545781665,1
2.0879774966081563,3.4323311002573407,1
4.252495873024627,2.8951407891031984,1
4.69460480331779,2.8143230636459755,1
2.8131801226976294,3.4358555660130827,1
4.769184462437247,3.8600125055904844,1
2.9628351437877347,2.432027687424908,1
4.845291510456199,3.267894645997689,1
3.338407733323283,1.3027692980610526,1
3.77048538001035,2.5049612202226643,1
3.715872647136935,2.810772933603441,1
4.265030899709011,2.5247532556565986,1
2.367012263249271,1.6966053743758958,1
3.295148612634787,3.420420687608353,1
2.258077034181876,4.106957450806931,1
1.7886477080513727,3.7466067792081033,1
4.361423406956256,4.035261336811477,1
2.1422665556034017,3.6214309703471734,1
3.010508982167165,1.724477558589158,1
3.524266532674619,3.0581928730218118,1
2.2246427248386107,2.840534452149072,1
2.130590661753153,3.1331132604061036,1
2.858292698241934,2.7858872553940275,1
2.9733771643408926,2.822439156151453,1
3.384356375930187,2.8450533100024273,1
3.2319942686931267,1.3217328913083395,1
2.856771292196655,3.970432283546664,1
2.3971463173645344,2.667388697644391,1
2.0505617824712172,3.214558112434931,1
4.6689147385231475,1.0829371145570807,1
3.7716747685318914,3.5194603861059806,1
2.9422469507608224,3.365193341111033,1
3.756976320653381,3.164430084910825,1
3.387252523660833,2.3988200440106526,1
3.4003296130842675,2.021255340159101,1
1.4873764201332607,2.4567624848220673,1
1.9743530623475505,4.015466072912109,1
3.706618772459737,3.5155913613573073,1
3.5585956936732432,2.978388234331942,1
3.836411205036028,4.440115720238786,1
4.9388689528890035,4.017033184074744,1
3.567807083028454,4.192791159694577,1
2.305277062293104,3.7032522908372734,1
3.1886164246058875,1.1391829398252276,1
2.4672483001867267,2.3980926758515,1
3.803629759937625,3.2102728196267147,1
3.5722891580737257,3.428682136130445,1
1.7910017177189799,2.3106037901891394,1
0.872568436842843,4.721614248083787,1
3.092432552610834,2.559837555609667,1
3.407818746156351,3.2421545004853307,1
4.165979345855923,4.648531010365112,1
2.2527945657266204,2.3429957621932513,1
2.523772732605826,2.0839714724825256,1
1.9985628517762086,2.8583721270395754,1
0.9491412827983812,3.0143759513315693,1
2.3214549811414256,4.230693041848364,1
3.0029089082255975,3.072534987808414,1
2.935841990891669,4.0550236313239445,1
2.3582818330148707,2.4525741788762208,1
1.746901462055713,2.8009038029519115,1
3.2934212321654512,3.269242490657254,1
4.413070934221521,3.0729648442059316,1
3.8028200374394108,2.9351538722473305,1
2.4024715471453955,2.528301258578214,1
2.3063966839889667,3.5054106955356206,1
2.6165553995164266,2.7867287193458665,1
4.764206845759636,1.9125266974177455,1
2.572913565051919,2.0297732290186676,1
1.2549841231812537,3.2010635731928736,1
4.785161735036843,2.7270321214737683,1
2.521226549963433,2.350259635009869,1
2.1418406584812906,2.9724900602376163,1
2.6151827839045776,3.401293345448806,1
3.1102236248018733,2.9722176814350396,1
4.465247494759234,1.9288088748375667,1
4.519639976493279,2.351881919100008,1
2.021315989778928,2.250979429937233,1
3.0502305634611266,3.5235854859757865,1
0.9067139515745892,2.7871973600167226,1
3.6117279887286102,3.8266101721216534,1
0.6379936749238042,3.0652602647399956,1
3.1609186441546133,2.974693350431064,1
3.4623567603191563,4.319474471262899,1
2.5823721435786746,3.3387721805501034,1
2.2392938555435378,4.16131222700363,1
4.259847050724886,2.9009493369259,1
4.283310266898572,4.606485649187168,1
2.3234949110068297,2.602025931528743,1
0.4276667806814869,4.383607458324749,1
2.312774927332441,4.307348066412594,1
0.9254906092012494,3.7823458319185104,1
4.004748698686494,1.2986473870446733,1
2.711619697521571,2.5320234515257845,1
1.7067510960313952,3.8721410365412243,1
2.856578093748974,1.4196468339881263,1
2.2297169784599977,0.5405771707622038,1
4.266715977075698,4.085876989499087,1
3.0127032433866203,5.332809000068492,1
2.050194959996544,4.526639071487528,1
3.2038245095583533,2.971456463859065,1
1.3689433361602377,3.7338954991019286,1
4.02528788804576,2.384378485813538,1
3.100542802871724,4.120879996862147,1
2.5585406690224755,4.288965087023225,1
2.482021819757549,2.5819480729229065,1
3.342813664740238,3.7102776248466744,1
2.1699193570608184,1.7655241301872358,1
2.033367378461972,3.3355102392014055,1
2.3253058407902873,2.397573473952873,1
4.161684558501037,2.564610582049777,1
2.0222733875348293,2.4954353249165244,1
3.395432047961983,1.4699402429227488,1
3.547514643960363,2.9049191519808435,1
3.0096105349959887,2.4215234046104785,1
2.487123158036852,4.13080417153102,1
3.7313913722086114,2.796691191166241,1
2.563068447731527,4.53078840203286,1
1.7734034912091041,1.6812792409072441,1
2.400483386624594,4.18126885163584,1
3.899845621426788,3.005024708374693,1
2.8374459491944437,2.517673101730643,1
5.349920917400331,3.4387646515622974,1
3.498963240912979,3.052717817036099,1
2.5317942907913693,3.513922388713849,1
2.7892540036152687,2.9238325283352724,1
4.155411813638306,3.628118227487731,1
4.490187735710517,2.7744666875565818,1
1.9642461112232963,4.52322629738745,1
-0.05999067981618378,3.0261832971705473,1
2.6023371972526093,3.15440250448541,1
2.2702425936110058,0.3230917679801877,1
2.7579120912318213,2.6268283278954216,1
1.3908263262409906,1.6775269300348274,1
5.013459594399267,5.049190871065857,1
3.502361931555344,3.016968100921518,1
3.3062221080488143,2.5648877912872003,1
2.144279175313086,3.7853072336358533,1
2.670542379050707,3.1038400152381986,1
2.168791303701794,4.823807103197879,1
3.34365793206729,3.3322146135228996,1
4.121564150294212,3.114105301504296,1
3.252704053120491,4.515466823851682,1
2.5272205842855056,1.8502805908183828,1
2.8635750154139195,2.476614467275709,1
3.596844746435923,3.6930385925250686,1
3.9950898697175723,3.9857421254095065,1
4.48547896252086,1.1354563335976917,1
2.8658730952712794,4.224453678046586,1
3.3424799050000766,1.7962389137836074,1
3.748894131083159,-0.2979080561310079,1
3.242365930117796,1.1233252743959559,1
2.8512535696344536,2.3484142185860364,1
4.078070688927662,2.030528195473468,1
3.0675387911829777,4.05339595010196,1
2.7194934921848097,1.5658715348442753,1
2.521777783023623,1.7731863246450654,1
2.8549305561461775,6.166869861560789,1
2.510588841317723,2.7867030056161486,1
2.4938852215903946,2.4579018451555146,1
4.252207532986355,3.0601864995481525,1
5.957822937035697,1.8795452476726344,1
3.7653310702505385,3.999968697009922,1
4.37032872867006,4.433092472242321,1
3.3129915136620385,4.002401853717152,1
4.8003165620131485,2.8994198268912195,1
1.9267847675744223,2.623267197425805,1
2.7746283806848626,2.0226556754519516,1
3.7745863455451207,0.4720716822563191,1
1.6964575968727156,2.6284792725822004,1
1.8570813359397216,3.0890238539480945,1
3.075766094210581,3.6718746284618113,1
3.4129054801680634,3.153470976042737,1
2.9983015956137433,2.826516429759668,1
2.673870207659988,4.020446952739492,1
2.6534349975477998,3.018209900269523,1
3.2131746840296183,1.7065518655564629,1
2.5390997693949244,2.5451364946810635,1
3.8757192525139343,2.7347463176103535,1
3.345427247448713,3.6242229047632617,1
3.1780970632857692,1.8261165013034775,1
3.2347858443131146,4.006838475397632,1
2.3607308475373823,2.1871562316542015,1
2.6168628364243247,0.9495586521103774,1
4.337056295408911,1.292505004594515,1
2.8018192602217353,1.9127208098629458,1
2.228811992679852,1.98434403752251,1
2.3964051563848217,1.2720438798027927,1
3.8822278257966474,4.2464117395947145,1
4.044446009303005,4.490161207657595,1
3.236350550353141,3.284564324180338,1
4.083276125657228,3.851690899147828,1
2.255037634907629,2.2521634498210776,1
4.523328243120158,3.7085478600781525,1
3.386659738615034,0.7987405473635301,1
3.031983821692449,4.048115584691132,1
1.7617259184481555,4.057154183096026,1
3.272926193778944,2.239506732261117,1
1.1435188593054775,2.0299313352952195,1
0.9139471782700825,2.6229523484987327,1
1.9756219210507329,2.205152650170107,1
4.312174538350838,2.0718187887888377,1
2.1785985307072897,2.7955000871683944,1
3.526213908836396,1.8533209129542985,1
2.923353699825681,3.373322989039592,1
3.8799409620039764,2.448218483874003,1
3.8192342648226543,1.9885635155648564,1
3.0252554556839497,1.8047717727081058,1
0.7449955823793135,3.2916804595890303,1
2.8971967453651546,0.9647082674388274,1
2.18434703210521,3.0432581981769227,1
2.5766420339407072,1.7485309305921495,1
2.896444819205984,2.464377897623898,1
2.3428025809762167,3.18592779213842,1
1.9688827981956845,2.384070031233241,1
2.8054885856337313,3.43848571297378,1
3.4335700521714365,3.975440107833771,1
2.1491492005477637,0.3173548905066159,1
3.118051646131892,3.5136415048517984,1
2.7091297027295225,2.246105823320132,1
3.306110602157172,2.770859169693008,1
4.136803076505184,4.312684065142376,1
4.161253213279294,1.8702686724581996,1
2.380041203724952,2.107955245116871,1
4.022807245779768,2.94840675049071,1
3.0143159677977334,1.2973408412124026,1
3.932093625033324,3.18991262734273,1
2.627121694402138,3.5781506870720676,1
3.9847280472832325,4.514552746951586,1
2.5891010975562008,1.803664359899345,1
2.9502666626526857,3.9555196447387377,1
1.836459599441309,3.7602059674406476,1
3.5514336158008506,5.686130312705913,1
3.8720214601152216,2.49018291569789,1
3.9006345946930736,2.66580278575656,1
3.5814436849297775,3.2073493652868352,1
2.8747558426625694,1.0440782188254505,1
3.5182285119481715,3.542538193530361,1
3.1614693701174463,3.9166555741250098,1
3.112392728929083,6.659485228357028,1
2.8263250160041213,4.257811818367227,1
3.5453364567448933,3.2774788870555387,1
2.235137772927418,4.015246407193801,1
3.3523089747967476,1.2844683956985006,1
2.6203013634046126,2.8982754814248417,1
2.0023415217941958,3.0557325793775005,1
1.8794247158972934,3.1897649043284235,1
2.3533777839352155,2.2035923890515,1
2.3924452849210356,3.8582821833885603,1
4.728664227330897,2.177857278570008,1
1.96454050428361,0.9557291531799175,1
4.295827188121717,3.521431449225223,1
3.749234995671102,3.8993890653387107,1
3.5340192385969758,3.102981077014029,1
2.553876306364823,3.720712738967568,1
4.380401108737603,2.531442025627456,1
2.1663066719926483,2.6001760392662985,1
2.9484447577081383,2.623465230331551,1
4.795920322268166,2.3469055762408466,1
2.640087748441184,2.7740811555413853,1
3.7658545774680023,4.957358947123202,1
3.1439608215563912,2.470572707963888,1
2.984128269824218,1.3747489382992202,1
1.9733609975825492,0.9049471411357217,1
3.801547005363263,4.775315098129596,1
2.896669753666837,2.652581654875935,1
2.2741166222915354,2.645711800768216,1
1.8520675142959058,3.790522633139834,1
3.5301559488541017,3.5345896612851297,1
4.668085337099471,2.831478443657356,1
2.6868021487822404,1.470252923826985,1
2.894986586829183,3.0838441274780157,1
3.9112922035254383,3.249083633562942,1
4.659837797187649,3.8757025438185106,1
2.702740979524702,2.737383528524733,1
2.4587194838871635,2.5298045888633602,1
3.561888118851642,3.417578458038042,1
4.567166860000541,1.6176047179407997,1
3.6667514576460745,4.198552490870578,1
2.510444568447689,1.797797100276185,1
3.0473601635076104,1.4743989256524943,1
2.50554680841891,2.080254704217748,1
3.1399485400301566,2.1058070400096165,1
1.5790509836985747,3.934066068722533,1
5.535706242546276,3.0460106443349995,1
3.4796048327144975,2.056989836665552,1
2.624981218952078,2.9845076262478707,1
1.4800550787845437,2.5245396176610666,1
3.072902570584399,3.576718469429875,1
2.0598324814074562,3.048540855285404,1
2.579293853730008,2.7051786865112373,1
1.9689440812171737,3.253158726597822,1
1.0998635686064377,3.3810543815747276,1
2.528811406889719,2.4264832714076503,1
2.255845952351662,3.032684013675557,1
4.446714205040047,2.4809270452377254,1
3.6240867525457445,3.5567319424197135,1
4.181849277553345,3.2368062699896694,1
1.9528692356975965,2.95144256723285,1
2.2282072660148664,4.181290857212569,1
3.52606672949997,2.0362528394121013,1
3.5031909353263027,3.9440506838603238,1
5.760216012186774,1.7684821126534451,1
4.796614415696565,3.046238547485532,1
1.3224846634856975,4.034561909013969,1
3.161270046610501,2.404635134287797,1
4.643428931114554,4.2417163898479195,1
4.048194303551635,4.078542701233012,1
0.764166778430551,2.6732347382657053,1
3.394075725193039,1.8576191026447157,1
4.190085435968422,4.1880813289402266,1
2.5454331550384,0.7658749921247705,1
3.213555542162236,4.1719523753257075,1
4.331641834930509,2.9830384708621795,1
2.6424187324885575,2.435327915777429,1
4.355237544619171,1.9666057565319521,1
3.659047177594963,2.9092320018986606,1
2.1055840767658145,2.764466911125671,1
4.147142417397717,2.6189156881775535,1
4.016644951100515,2.0279324172799242,1
3.3207260266567173,2.3834312326606204,1
2.166080117812419,3.186610343271453,1
4.180997704037429,1.442821077581226,1
2.861222620137286,2.6818849438500325,1
2.6306153831525596,2.0591231206846166,1
2.950872314388243,2.8518777228639625,1
4.339973851403659,1.8389506592180942,1
4.357479866334817,2.6175403278083653,1
3.136778276489933,3.142085835964592,1
3.3710756795434387,3.6388703546847196,1
1.6869499360403237,2.8442998529553774,1
2.6006646163709903,3.3625304450484226,1
3.382950725708676,1.4796728337164367,1
2.362982873171322,3.3338908216751992,1
2.397800846772615,3.4098052424326974,1
4.828592365349186,1.9034503741136304,1
2.109041128217689,2.6292987844942215,1
2.8948498555184705,3.286507549921073,1
1.181439558169963,3.1157307125354055,1
2.8653985002183817,2.957658731871911,1
2.517709478815612,3.773773250806261,1
4.16820848122851,2.228376840489149,1
4.282901583275348,3.6577563180222623,1
3.096276505770538,1.9864330690871088,1
3.5195859529053495,2.651332829828858,1
3.4757020799073484,3.3269652249340504,1
3.2862330009623797,1.0400418208877031,1
4.342930349997406,3.4801333402630705,1
3.2133197123379196,4.704013215461506,1
3.760216145694045,5.572659745017292,1
3.542054167893856,2.8286885761961003,1
3.5703708881393,3.208357775434362,1
4.505725123739554,1.8968340450494343,1
1.5966383036411047,3.8487244997552557,1
2.2374613794658456,2.1309469525027573,1
0.42151034330005643,2.4378420234698077,1
3.0178341903932373,2.3314660779496394,1
2.3561606950039478,2.9826338297779076,1
3.31271924383533,2.0698310504068744,1
2.220047440039121,3.3595719687665264,1
2.952134127444582,2.7480924846458397,1
4.0810211169233295,4.059032018969717,1
3.931103117504779,2.6237172631215437,1
4.540497367240325,2.5071748772704647,1
5.118623995610737,1.5557705784054454,1
2.4745949926653514,1.2872240204356973,1
3.368746101301766,3.3574504886605596,1
4.352133234949097,2.4899936803398406,1
4.2978960550005185,2.3084856808407967,1
2.121564849074423,3.082547553003479,1
3.7031609787383815,1.8683138477044128,1
0.9697767139497029,4.503095416586578,1
2.4303497102659137,2.732025909153002,1
3.0251640015109746,0.8578018207803679,1
2.3599450767299355,3.1102578370064338,1
1.8357849070874805,1.9595996249643,1
1.1749830270381787,3.678655597911799,1
1.7479822909915121,2.6333890977487973,1
3.658984984631462,2.5655675558185345,1
2.68342467258341,2.720461852662211,1
3.402311151587279,4.8068926649860355,1
2.3891050564116814,2.1015506205710306,1
2.4340440821219884,4.073470457364962,1
3.1886878788137913,1.5492580278811225,1
3.0984071290443747,2.859830455347812,1
3.3706621593702732,2.1588849519584934,1
2.0624355426221794,2.2231035973602538,1
2.8051399462697795,2.635695408299982,1
0.6251983068743723,2.373174467664965,1
1.4074292624365967,3.278615273964921,1
5.662779649336712,1.8867027167897321,1
2.2629141942977586,1.94700607823655,1
2.3326197291769555,2.2835947336194904,1
1.9914521286949438,2.3345142759637576,1
3.8702391616747773,2.463754970053928,1
3.3860320908366672,1.4425578581127492,1
4.564414670802337,2.7796025696592803,1
4.3054241094011605,3.277447607213973,1
1.0318029054791418,1.5380649268110747,1
3.2729899811591103,3.3622444129517572,1
3.167413869777605,4.208149637748259,1
1.9122043085924736,2.425049674517708,1
5.189230385735094,4.991329892176016,1
2.6283571898512452,3.3417559147837186,1
2.2313293927385716,2.570026062826024,1
2.0452483826400165,1.4155890042612127,1
3.409075999294836,4.216326399842899,1
2.33530458143193,3.5389476639730715,1
2.9556841150233035,5.32976069346914,1
1.2407748442719833,2.6916073180661066,1
2.1993407744561457,1.5132838290887274,1
2.83546971204414,4.597556320937317,1
2.2574321206179317,2.745008146048037,1
5.429505249698085,3.9048927492727508,1
3.2708044293029044,3.0605415270634797,1
3.3246083356985685,3.5232552657235825,1
1.2879640335243385,2.7420695379278213,1
3.0463463858633224,4.13898199094092,1
4.684652919745153,3.967555717786262,1
3.801472384298908,3.312641128988672,1
3.656293216887415,3.6863312768077945,1
2.656070662875119,3.738058375128723,1
3.3746477683243827,4.729612357356624,1
3.6211221366470006,2.0655210259194643,1
3.9396578442882557,3.2869788183312743,1
2.12524039047549,2.6028070884904797,1
3.315677708366939,3.276010765666662,1
3.8574874632304965,0.997341474105248,1
3.643180382157348,5.168297489831209,1
2.550157344133522,4.478522750888167,1
2.0357304440942583,1.8405338123673238,1
1.9951480881818568,3.255123357355726,1
1.7705506643683584,1.6160797156275417,1
1.883004064282328,2.6544477441317453,1
3.9179016503209336,2.5795183485244624,1
4.256051708393791,3.448114337832592,1
4.352149730392311,3.2920704551316846,1
2.6980204106345984,4.231719164844725,1
3.7270723468343494,4.335244211252255,1
1.9403365794101988,2.358444932969883,1
2.785812568065154,2.8686937842082383,1
2.602296047391576,3.907313611709327,1
1.5410173278022306,4.486179591096511,1
3.0331876625245853,4.116533516380784,1
3.316612179628999,3.82213647537948,1
3.1534755573726456,2.0907602056883805,1
3.1137085756545697,3.742974833553397,1
2.378210081297995,3.8929784789092197,1
3.9162697234317836,4.201068930995997,1
4.5080019411704155,2.986230446052688,1
2.6710791261490887,2.2946138809385275,1
1.8704830514142727,2.9625321265740863,1
1.255798999852737,1.370145612714475,1
3.531318264496841,4.267854897442595,1
1.0520227058405465,1.624517863041315,1
1.8088348032382295,2.131915964792088,1
2.017166110250614,3.013701509280221,1
4.024649641352666,3.0670782230055953,1
