x,y,class
-0.2587665450938703,0.8740736597719617,0
2.3504122957608895,-0.5808084345515863,0
0.46165109580612135,-0.17068125783983001,0
1.5532821315698688,-1.426102032548254,0
-3.086674425114547,-1.4823839306646585,0
-0.07420913913702268,1.0015615440399148,0
1.2753694926193961,-0.5686786732179917,0
0.2380094938852206,0.9163917111596686,0
-0.11116988202221555,-1.0902430836523644,0
0.7002717638335981,0.5544699633647404,0
1.179636687675852,-1.8983602215904083,0
1.3268106055648663,1.0538799939786643,0
-0.5845676997607991,0.17758453662408633,0
-0.3297221313031746,-0.011856822686554053,0
0.537230544976383,-0.3118998513549816,0
1.5552157976508592,0.8908453897563028,0
1.2156296218560079,1.9303440829521925,0
-0.41027804916171196,-1.7781673143357217,0
0.3216289198721306,-1.9683177960369935,0
-0.9098499366775132,-1.4756248894024568,0
0.2437265504196348,-0.6531825656045959,0
-0.9139787252406679,-1.5489861523544217,0
0.5182431356445559,-1.4935515494399976,0
-1.2903156347047156,0.6260847971160282,0
-0.949222945293941,0.026282614809058084,0
-0.045337404390277405,0.1718306971809291,0
-0.5282473719888136,-0.07088656918096607,0
0.46777734718534886,-1.0423939100579043,0
1.41969905491647,0.07951913163159434,0
-0.8874352075208359,-1.171267204938254,0
-0.4907383674087314,1.1297458998468497,0
-0.4527959963803704,-1.6937428181935887,0
0.42949504143643824,-1.0105315770800973,0
-2.01288232192186,0.3520872325866511,0
0.11132979299149676,0.25951750543111546,0
0.3992595527076334,-0.6272946136923685,0
0.7727528949406068,-0.6854025769660292,0
-2.060031147929769,-0.9382756720790296,0
-2.1323943995763845,0.3979297089825949,0
-0.1941834982415806,-0.7032564956751869,0
1.1432750095919644,-0.6804814232489752,0
-0.49079444978237535,0.279687145605917,0
-0.45572838500939267,0.5893832639746786,0
-0.10762941107065621,1.6519118792351062,0
-0.22959718179716654,-0.09305846371171327,0
-0.09230663618677397,0.5161762923818739,0
-0.4362997134724512,-0.058149117371689596,0
1.0720682648067732,-2.200143995231602,0
-0.6294965308260734,-0.6867503147962486,0
0.06626495729333283,-1.050148342604991,0
-1.2089472938846668,0.8707964217548018,0
-0.393759417396137,1.377109584089646,0
0.3938647595574781,-0.5481245751750118,0
-0.06779178971451606,-0.9857882500745629,0
0.7346234345566133,-0.704664364644442,0
0.2566683417860648,-0.11611732198190744,0
2.7344832364616214,1.5419737352325265,0
-1.322414681347896,-0.8260898966076524,0
0.2310987695433044,-2.295301296733467,0
-0.6448962810592237,0.425765463870867,0
-0.5727458878996127,0.5536648631311193,0
-0.8696362194859811,1.2804911260774743,0
-1.8923543690111053,0.9038939604145829,0
0.7295013002060365,-0.09310311095287477,0
2.197543906052229,0.2547198386073472,0
0.38289639976372253,-0.3287020362935197,0
0.8757780001648856,-0.6823150715701026,0
-0.18139045612226634,0.0024781338808389807,0
0.584484161645712,0.46000150894854036,0
-0.2788247455981347,0.9741323696547052,0
-0.06648071956160836,0.8065811251953404,0
0.2119334452743538,0.5510412627257736,0
-0.4860551945119115,1.945927757975407,0
-0.4085613149134667,-0.1853419108628611,0
0.008334555407928905,-0.37407690887472433,0
-0.8181699930174605,-1.4609979615144444,0
1.6545891867838118,0.2976646453462657,0
1.2692261056951886,-0.47391908850578884,0
-0.33912770036968676,0.1606063044077874,0
-0.9408962057173793,0.23132098606622475,0
0.20006380036872465,-1.3787224202889556,0
0.10338540400519852,1.442582908258389,0
0.06831803010050914,0.4625160420702698,0
1.2206993025948307,-1.3949621990867025,0
-1.5760059691754436,0.4975217065312838,0
-1.4302348420518913,1.5799102299911163,0
-0.26238313734004687,0.7289880868992238,0
-1.459987300167679,0.1427137412944778,0
-0.15792536254470435,1.0668541447127908,0
0.6391566229009038,-0.5871903573326805,0
-0.45220050742036444,1.6213188525414743,0
0.17782998213056558,0.8994655048920535,0
-2.057359151622882,0.39104740823875117,0
1.6021503521007006,1.245429378169435,0
-0.6507993898785123,-0.4249551959081786,0
2.3036050294845145,-0.9499995264656553,0
0.41930496255438704,-0.2642975886039939,0
-0.40638662716767177,-0.3965280821104496,0
0.028291564327252754,1.2429549518937015,0
0.11109848567710187,-0.7627912335289845,0
-2.5352555590424517,-1.7388664293327758,0
-0.5190501851507371,-0.6261237794053669,0
-1.9435289174048633,-2.4744828585299894,0
-0.9805351223496444,-1.2068513528049587,0
1.946886226259892,-0.26386681316129934,0
0.45069817975728527,-0.2761674995023804,0
-0.20908894636463915,-0.05964810175773376,0
0.2684001408795112,0.4520357360845884,0
-1.9718468565607947,0.36128549805632115,0
-1.1499479125976466,0.14256247337542138,0
-0.26400153568410056,-0.8205271315913194,0
-1.6637608525066854,1.0203673798982893,0
-0.00043296003754985887,0.6646633179563866,0
0.7323356039633826,-0.31610269100479255,0
-0.46024026018411374,1.1520240245667763,0
0.38133160145556233,0.044223131695376,0
1.3081602229058344,0.8670120539522115,0
-0.3639043804560965,-1.021234694215316,0
-0.7851672256440071,-0.011759979867716173,0
1.5370919071740416,-1.4244008710171294,0
-0.7068693223953978,1.8204632389094535,0
-0.7298197446614219,0.8967894124370842,0
0.7191001039233753,-1.0284498249301044,0
0.45201229189551384,-0.4142399936332254,0
-0.6234984867738264,0.6290602222898611,0
-0.6231394588909649,-0.9113956786690054,0
-1.4579098326354034,-0.042383043610234476,0
-0.5873291690643289,-1.7377795309867519,0
0.8787613994105846,-0.39404674695064107,0
0.9584576917705163,0.6896712551619084,0
1.5392393245014755,-0.644202000597449,0
-2.711338731185225,0.7461133691519237,0
-1.503157421634145,-0.9463183980013151,0
-0.6646944671603044,0.06662622819713913,0
-0.18538100362370724,0.17475156740716788,0
0.913969666915257,-0.9471566243355759,0
-0.3841852151170371,-0.779298204221962,0
-0.833018042367962,-0.6424610451901227,0
-1.0108521523133867,-0.200087892797337,0
-0.783306759988396,-0.3919990633652073,0
-0.6066241917239109,0.3069683398179538,0
0.2714767563389566,-0.374948470438976,0
0.14904638685828167,0.3768047121300865,0
1.5747803186274418,0.455951626530028,0
-1.1311753216479505,0.6234322548593181,0
-0.9832493539217034,0.7497551894971344,0
0.9322234879336524,-0.6374547429595129,0
-0.24186723777209865,0.6646317249698265,0
-1.7791465845857606,0.8848373257858358,0
-0.17525269114750539,1.8115332686354515,0
1.3694494100682635,1.4547872563769462,0
0.5581739481356609,0.820643675434368,0
0.32625831079232015,-0.7386468575062718,0
-0.3802837211453146,-0.9620743693138877,0
0.024835888225912827,0.3887477136961962,0
0.8497417458872631,0.3731871235431924,0
0.7344896118763115,-0.20359905509826798,0
-0.6847865075095358,-0.4360069478099933,0
0.8549308009732156,-0.7235238870634999,0
-1.4692389574464835,0.41669354850868184,0
-0.4603169706239101,0.1727182077103227,0
-0.021887294201651707,-1.260076804719562,0
-0.9892931029978623,0.6402115336113163,0
-0.6833669800942032,0.2290491755312695,0
0.2742727017782064,-0.5568948570992885,0
1.0701410443616732,-1.4222013306927908,0
0.3304601431158221,0.2995419902496104,0
-0.7130718643241191,0.6114478997937159,0
-0.3825535434648237,0.7565786681370054,0
-0.22662729419876737,-0.10050701379035945,0
-2.02087280120946,-0.29494639025743363,0
1.436158187811506,-0.8143280062811047,0
-0.5238677534606997,-0.14047048412370636,0
-0.7560204856660684,-0.38096515034507095,0
-1.3246813519986285,-1.3759832276189778,0
-0.9046794798042054,1.2034138370824383,0
-1.3284335857979095,0.5222903515899097,0
-1.9690003978508184,0.42786737258285107,0
-0.8029871418375563,-0.4645265637173338,0
-0.6081657405321823,0.011532562054082601,0
0.6312267252773694,0.7698805065884484,0
0.5210204837589185,0.9971720611090302,0
-0.2191467767109461,-1.5030597198656694,0
-2.510382194262339,-1.2813754156838117,0
0.07409124235284151,-1.217988086309544,0
-0.6693076551281877,0.06445119182736585,0
-1.1518934932560276,1.563436832801366,0
1.403161041061487,-0.777564625512194,0
-0.7082538234395962,-1.2973848386396771,0
0.12573120145317868,1.0474094892888282,0
0.9809716609942724,0.34700038046188586,0
0.35372162593236117,-0.23262317764290774,0
-2.5351930895788195,0.3867843257288216,0
-2.043736221854353,0.8389652635804397,0
-0.30357954575395035,-2.0723845255196505,0
0.46414583015438793,0.007664816303551511,0
-1.6405260104806179,0.7054569497210128,0
-0.13168410290848212,0.2539546857498145,0
-0.2680221544953759,1.8328028775334944,0
-1.7407479652299274,-1.327393799696538,0
-0.3790667038989346,0.43671131953561515,0
1.0470080901288257,-1.9944489343917529,0
-0.24294345835699846,-0.30845521152239946,0
-0.6068241912990152,-1.1021760134315866,0
-0.23654237965957026,-0.49128423101037716,0
-0.18282056358468327,-1.0490393205151403,0
-1.5670105259062739,-0.8292301240962816,0
0.38409695699674795,0.15213500430275,0
-0.6781279255950742,-0.4291323688523799,0
-0.45425365510143745,-0.7622725148216983,0
-1.5153455953185788,0.08189306644761729,0
0.14544995139945824,0.12410755759260463,0
1.438385406746497,1.2071412988442631,0
-1.19285907263269,0.6417440764651621,0
-0.4101970819093282,-0.28247689796609626,0
-0.6463266940955288,-0.808206845994284,0
-0.08804337507735545,-1.7233463806808533,0
0.6907532675709337,-0.04395820871145603,0
0.9647060165355421,-1.1400546519472208,0
1.2497446136072174,-0.7213201228916707,0
1.4175110484525675,1.4303953630563664,0
-0.8321972974818413,-1.2485216921192528,0
-0.8750492925009618,0.9116944887303035,0
1.7669166034876709,-0.24566313918956523,0
-0.19634203701404102,0.6721997545090174,0
-0.4321738308134872,0.7359383119887516,0
2.413190827779296,-0.7000933426000608,0
-1.0556659771846455,1.6002856249156039,0
-0.5859525298409018,-1.6170897284112447,0
-0.9244687666345692,-0.22423386872391354,0
0.6236734001852402,0.06053908440665868,0
1.2797042600418358,-0.07702070549539741,0
-0.1039086430981065,0.6008147191788685,0
-0.19299596394799648,0.8299552703520269,0
-1.975544465763287,-0.7429370240881544,0
0.0949113150166844,-1.1035244052339384,0
1.5155242240938858,-0.3521665585329463,0
0.49485265793986694,-0.9215429259593199,0
1.3363861087202276,-0.15975525565102977,0
-0.5254439100929295,0.2494287813653525,0
0.5662363048556264,0.6244977989708673,0
-0.4316578723109944,0.9891221492445559,0
-0.025878939525272256,0.22680798544383865,0
-1.1841192882899456,0.29962607270854924,0
-1.9088900555999864,1.8356417937122091,0
-0.18590243246534593,1.2320933190425591,0
1.2561350756709715,-0.7471108958317435,0
-1.1334709050481437,0.8584976668395035,0
0.3151455598210863,-0.19341499604139967,0
-0.917150949706941,-0.7397242632678837,0
1.7899138908374936,-2.2281589510448976,0
0.4121260907498763,1.1863416532269966,0
1.5075237394440932,0.9487527097825528,0
1.4456383222239093,0.3342644270951729,0
1.437017626550373,-0.4634152592620232,0
-0.12082633555076305,-0.6802552989989369,0
0.055818928120612926,0.5952374150570393,0
-0.5009131194920418,-0.11635039088228165,0
-1.3696890329128457,1.593061891943235,0
-1.5464043588799918,0.19482290547824085,0
1.8745756693371525,-0.5553060511545961,0
-0.37364083688470057,1.9255252728649839,0
0.03676392768922876,-0.23014193182244685,0
1.1197289087445772,1.4359055668716552,0
-0.306529113711981,1.1752309240989183,0
-0.545793756879666,1.3603463897180708,0
-0.15824369500154895,-0.362566441663047,0
-0.7691206925336063,-0.07370007694614418,0
0.5611667960680345,-1.473559412757262,0
-1.4912442403547332,-1.1148286196325092,0
-0.6671501454761943,-0.9793205938049182,0
0.9427909226642981,-0.7993080577840544,0
-0.7128793486651315,0.4738119741942426,0
0.067285955095709,-0.2731635299326224,0
0.0025963421629014985,0.39056073689109705,0
-1.7540635195463414,0.5637633130067491,0
-0.043984740424493386,-2.0347682409104966,0
0.36264672736615294,-1.4967967399520523,0
0.5412824849381837,0.8024480477497412,0
1.4446626859975649,-0.8330138990670278,0
-0.7057199081612585,0.26943518450324894,0
0.5860673548706283,-0.20757376442436828,0
-0.9656045012058656,-2.0605566033773615,0
0.5188859140750198,1.0255398099033841,0
0.25633754939867065,0.7793291195261434,0
-2.6109203923900663,0.18077434445266774,0
0.6245831889352559,-1.704737845254333,0
0.9412462365887676,-1.3763291749950168,0
0.7034072136992221,-0.14321493478560032,0
-1.4531751764517657,-0.5667952228917837,0
2.231144694539048,-1.6763856228460903,0
0.4738060517093134,0.06814568889568196,0
1.0135968029162645,0.6473453058805573,0
0.6627065101673498,-0.1785872764451935,0
0.709302864109987,0.06959229220181216,0
-1.233546628617381,-0.35646420353178365,0
-0.48151378175168424,0.34731327794376365,0
-1.0967981715905522,-1.3060483922556465,0
0.599429442827176,0.3714960262482252,0
-1.5749842739571758,0.11336759602282365,0
0.216113110159493,-1.6640287071565574,0
-0.01689605477043344,1.3409953798668848,0
-1.720955349737572,-0.10072866764284669,0
1.1438323046559487,-0.8471691110774683,0
-0.8712911041433048,0.43731453575534446,0
0.20026075647211167,0.25001003767188584,0
1.9315601980280912,-0.706214823372947,0
-2.076839717151468,-0.6966836267492027,0
0.14317025971271213,0.5635574663177373,0
-0.580562886780542,-0.005752343246690947,0
-0.9111313423258365,-0.6503228679981976,0
-1.4975703984851256,1.5278958972968395,0
-0.8604909371637214,-0.8087341394851592,0
1.3605542336381145,0.10157629290740233,0
1.3250496115750083,1.9760235226721907,0
0.4471008792395753,0.6044864367201881,0
1.5294240854878955,0.16247686577744958,0
1.383069694807225,-1.0445763340014205,0
-0.27268684571935714,0.35909550580764793,0
1.0879418328104145,-0.763462014943826,0
0.6522707515766969,0.024001102511084206,0
-2.705902702865442,0.9132405999626705,0
-0.9031052139748283,-0.66677804879861,0
1.6689398383529512,0.008178917068266681,0
-0.5199419144281765,-0.9967817012783419,0
-1.7217017542397521,-0.9337684470088976,0
2.1160149789061804,0.705073910493221,0
-0.5062365362685973,0.6861260446059753,0
-1.0144208034037911,-0.5080722586483226,0
0.6304839131008402,0.7772754448131447,0
-0.12715707453878036,-2.272084312486051,0
2.081901676343418,-1.2418982497948934,0
0.9601226609169639,-0.6507763845685776,0
-0.8873688753121567,-1.2558488357652677,0
-0.7989011406798946,0.2342551012304998,0
-1.1967429577693927,0.6236187096019458,0
1.516444448948403,-0.706658928682414,0
-1.0150004150359608,0.2851073874411347,0
-1.5620814239369432,-0.08998417708420649,0
1.3068743093986737,-1.1887097448145423,0
-0.5648153059396125,-0.7998651577865511,0
0.9484864595831356,-1.3224454775405003,0
0.9035062688330487,1.598962371363569,0
-1.193890834967627,-0.38941524455481974,0
-0.2325414665032815,-0.9212087806139886,0
-0.13966499522074613,1.233201386374456,0
-1.2173845961268601,-1.5553165259267392,0
1.3778739920174328,0.5238203105407901,0
-0.8012110302333735,-1.8380173128477773,0
-0.9161381266933193,1.8845263251754631,0
1.1137953446293145,-0.9141594392980239,0
-1.4561524452822936,-1.1271077614875191,0
1.0754125041831302,1.0538385829661523,0
-1.492925878112694,-1.449556888038654,0
0.7200754136529499,-0.9145537043162714,0
0.5315450086501835,0.8620632153762423,0
-0.9424906060767335,-0.6128983078395052,0
-0.22571069932277413,-2.4934814852476874,0
-0.6958942192955202,0.10456842578206514,0
1.0148059557092715,-1.5339250309761494,0
0.20604035822142414,-0.4808035165406785,0
1.523206968056841,-0.9700703610028697,0
-0.42144558815075156,-0.491606106945217,0
0.17563838242434837,0.8022341505008185,0
0.24638807910682398,1.2514577637324944,0
-1.1720359595722978,1.0547619531746537,0
-0.30029068654685703,-0.5641685539297357,0
-1.0548921091708192,0.6771189576434297,0
-0.8719021065068616,-1.4791362388748055,0
-0.9027282828144784,-0.3385481798250848,0
-1.5002708265211344,0.5343043086426758,0
-0.09952383646570118,-0.21664731314444882,0
0.7793357598759282,1.5268039746351736,0
0.06270218588101345,1.4446804578052779,0
-0.031147496419613264,1.0278964135170197,0
-2.6481716731146374,-0.06056260498827745,0
-0.18278156414410732,-1.3573231892530049,0
-0.995161711833423,-1.5362648395309433,0
0.5162507547704966,-0.44826232157673906,0
-0.8018841046035657,0.7573372028169245,0
0.004178057239336413,-0.826934718297591,0
-0.4871326666908825,-0.17955501065527185,0
0.38919601259159897,0.692591609792039,0
-0.010040627511807083,0.09274119875877312,0
-0.8256698836186575,1.3886037924497134,0
0.8596066816239685,0.8951823456410773,0
3.3109999316291177,-1.6793534526274287,0
-0.12122363475710504,-0.5663390996349538,0
-1.646215943564797,1.8132566030841688,0
0.3757908044261665,0.2779974952706292,0
0.5747567370898337,-0.28548473274264613,0
1.1355887474949202,1.1114572848849784,0
-0.30273575766336014,-0.3362042908371164,0
1.2581133126754334,0.2928284747041446,0
1.9087743284520704,-0.7899754037633948,0
0.6193308656670069,0.8707693452655415,0
-0.0036875430299364346,2.0815023232802394,0
-0.16724497895720658,-0.2763463508378515,0
1.0556609620906998,-1.3947606872365446,0
1.467905287432635,0.4031057517918443,0
-0.677615643150106,-0.6012050451775439,0
0.8871910079186054,-1.4242555619340391,0
-0.359714560314369,1.1756839096169611,0
0.6208387665287459,0.8121395251001642,0
0.6308490691343774,-0.5530650967314882,0
1.0830832181153849,1.7895214721785118,0
0.20030679287319028,-0.7645348210295767,0
0.8854541129971462,-0.4472778659475196,0
0.7862629240830173,0.3879595753951839,0
0.9382201638409736,0.9208190296800962,0
0.6187402791346185,0.34984953969622923,0
0.1796639878519198,-0.4166315932943405,0
0.9561932046082686,-0.010441344259686696,0
0.045317482673349375,-0.40708845977995384,0
-0.38897001533984876,1.115694596751016,0
-0.4015841903057085,-0.38775364367229165,0
-0.24891132141965194,-1.5192769281827943,0
-0.11902829357017208,-0.19783292177325748,0
0.8947691040547354,-0.9999605812134036,0
-1.0245557735751198,1.0167002697614365,0
-0.31253851721964,0.6765478090278293,0
1.0072790786529413,0.6133227623459306,0
0.4977247074590117,0.20096506936368386,0
1.127002901539648,0.4334623542232429,0
1.7479687316368189,-2.352073285469066,0
-0.3991673685946865,-0.0325873839520385,0
-1.2070650209300624,-1.055422838833422,0
-0.5937705885100434,0.3524474907369525,0
1.013942118185578,-0.492989677886439,0
-1.4325435542473368,0.1576798226830821,0
-0.7117465697330528,0.740305035024179,0
0.8312920026688905,-0.0990671716688646,0
0.5889878791955393,-0.7392938301467648,0
-0.9744194601295696,0.1672770878795343,0
-1.261476855566748,0.43830581004395475,0
0.7311478903611985,-0.6453688605461392,0
-0.05202725394413225,2.061700057814502,0
-0.13899859188320346,1.6296122380945672,0
-1.0889302442005357,0.2303732842438403,0
0.692459048872125,1.3120071378182923,0
1.0450942890056065,0.4423290055114392,0
1.244223537946983,0.4341456712043877,0
1.0424350284048376,-0.02191948285249353,0
0.9784624084468132,1.229770873521256,0
1.9366952391056773,0.3654197558288957,0
0.5456652809391029,-0.3544706491289306,0
0.5674474298146243,0.05080342259121614,0
-0.6121098171740568,-1.0954778373991159,0
-1.683138201668873,0.1683131561171356,0
0.7557757506447186,-1.3352850447488733,0
0.6958519226178668,-0.17491049724074823,0
-0.09376603095322472,-0.1847615902169076,0
-0.28565224239920123,1.2608577893160464,0
-1.344560468368568,-1.3245942150053596,0
-0.4420369227192298,1.294406679407197,0
2.0503567537593206,0.06671142395097893,0
0.0669031621498374,-0.20334927030131167,0
1.5190185432413528,-0.6475042581153977,0
-1.7207091526608154,-0.2736304748100238,0
1.0371532087862043,0.15700673651483554,0
1.2834597813879343,0.007556195579835924,0
1.0341111041288147,-1.1588104632839333,0
-0.4090560965371129,0.3515492888334149,0
-0.8278722285704406,0.7618351313391377,0
-0.9276993298043067,-1.0824201347575342,0
0.4180580270421612,-0.0914965408233552,0
-2.3753279517037953,0.6484518230763964,0
1.3872883006453987,-0.1981149424101098,0
0.0967747396839646,-0.6841317084200503,0
-0.7213656681414347,-2.33639805977527,0
0.686762231245509,-1.3556940113815161,0
0.24628729862659576,-0.38352127493893867,0
-1.3195421999566197,-0.27358362591696817,0
0.3519633720624415,-1.8409049821561274,0
0.9906080978292988,-0.05676881150093371,0
-0.19143312442620597,-1.1375847458163533,0
-0.4619854141529381,1.7946203223443364,0
-0.055856030856490414,1.7550509859634211,0
-0.19358964499782252,-0.6167975166471097,0
0.9270537751108614,-0.6460344398577454,0
0.9107873274964333,-1.0910926137408437,0
1.6073814190560374,1.3685804860959592,0
-0.009663081274952127,1.103254097279626,0
0.11898894042518939,-0.29772199114943093,0
0.7076776007922504,-0.6813193997132166,0
2.3034752876995257,-1.4672000042331832,0
0.06655313346682062,0.745351907244869,0
0.1986241748932765,-1.6987107220868793,0
-1.5854082397983726,1.9388947656857898,0
-0.508884748119865,-1.2048859437155892,0
0.3660717903638317,1.4567204221287646,0
0.2604101280156792,-0.11573045998057029,0
0.010079644785126341,0.36067602271373606,0
-1.1271894184426798,-0.04728058499665822,0
-1.3448816979673792,0.48531706813231207,0
-0.8049358790854438,-0.16124600341805795,0
1.0360432922355645,-1.2767176314598243,0
-0.38950800111636735,0.7348294016198388,0
1.1455333499097526,-0.10044716080957772,0
-0.05931337197121721,-0.571476030368971,0
-1.6620841255534302,-2.3511923452665466,1
-2.3960362656579943,-3.332477765386356,1
-2.0207806600403706,-1.358978791720949,1
-2.495539402839934,-2.1940161760131764,1
-3.693589320927982,0.3622958222881163,1
-1.4699936339190844,-1.2616247533108769,1
-3.040869814572883,-1.8999325192714938,1
-2.5486967298012,-3.6476700470743295,1
-0.9742721697432646,-1.8041572731251843,1
-2.59135569143118,-3.2615143309135206,1
-2.5164023221453236,-2.5097911976076164,1
-0.6203347914650053,-0.390665387902563,1
-0.8495463745140026,-2.1617936272381675,1
-0.011003837053426668,-1.2796153755058486,1
-2.3780362350987208,-4.848298433090549,1
-3.299783409646281,-1.340725750223669,1
-3.1969774823594848,-2.5050284839455834,1
-1.1901652303084027,-1.0981583008266347,1
-1.1764586592471398,-0.7483899985980287,1
-2.9969750285956755,-2.3605846312942544,1
-1.8419871650584532,-2.205936030569028,1
-0.07154762223364797,-0.5600618431585727,1
-1.707377737055717,-1.1908675904368378,1
-1.0975142641072329,-1.074176839553716,1
-4.243226328167857,-2.3613534436039987,1
-2.045866331192658,-2.002897261780891,1
-4.6208115085950645,-2.049086688690419,1
-3.1258008938787674,-1.7426770906064768,1
-3.0074180296009203,-1.6826241776571205,1
-3.379247367237844,-3.268485862576113,1
-2.5509438109575266,-1.555903418079757,1
-2.2915966894335544,0.1812239202543937,1
-1.1796345458168243,-0.9971826316251775,1
-3.338921305776145,-1.7863524507441433,1
-1.6553269548611114,-0.6128834729576209,1
-1.870467568897565,-0.955639129010388,1
-1.8282741799133277,-5.017490818251339,1
-1.1839342895012868,-1.3581389400339285,1
-2.3572716429613862,-4.0454691844186685,1
-1.4153381072502746,0.9095858977326587,1
-2.3787103981795514,-2.9347671825283745,1
-1.7065464823854641,-1.903084483702482,1
-3.4905968602524906,-1.3440293237451169,1
-2.722561427952352,-2.3211742883645794,1
-2.6478277340752783,-1.6973845052523493,1
-3.3342824772347064,-1.0900004216204486,1
-2.6322647845309906,-0.14609164827425758,1
-1.7074985572547254,-3.1147004209557814,1
-0.35016816833076314,-1.9872056620156628,1
-0.6896857080034964,-1.1730826693915257,1
